10
21 11 8 2 29 4 43 24 15 36 
13 48 11 29 19 5 31 14 29 37 
8 48 16 47 36 13 34 7 10 32 
34 15 25 1 35 47 33 6 4 26 
22 9 36 44 20 19 7 27 40 11 
40 43 9 49 26 38 13 15 11 4 
17 1 31 5 4 49 37 23 6 8 
24 18 38 16 31 20 3 15 6 14 
2 7 26 30 37 43 44 24 0 15 
13 45 26 47 8 44 48 7 0 49 
10
26 16 17 6 33 47 29 2 0 46 
46 32 32 0 11 32 15 40 6 11 
47 15 9 17 39 30 41 48 20 33 
16 31 36 30 24 27 8 49 30 18 
11 3 6 2 48 40 13 1 27 5 
12 48 0 29 45 50 21 12 3 22 
46 3 9 45 4 42 32 5 48 27 
38 21 29 22 15 44 44 29 28 37 
49 40 26 27 26 45 27 34 27 37 
9 11 28 6 9 32 34 43 32 41 
10
18 44 8 9 4 30 5 41 33 38 
32 26 16 21 13 7 41 18 25 39 
48 50 33 19 35 9 19 42 16 24 
4 34 44 36 36 30 17 25 12 34 
14 24 28 11 26 46 36 11 15 10 
3 25 7 48 41 44 50 8 45 24 
8 33 33 35 3 3 46 44 15 15 
39 23 27 10 39 2 14 16 14 39 
22 38 2 17 20 40 25 20 43 10 
13 10 45 36 4 6 34 9 18 24 
10
31 40 41 29 0 31 8 0 31 42 
30 25 14 23 5 22 12 2 28 0 
43 10 7 42 4 19 27 11 41 2 
8 8 5 35 3 50 18 6 28 22 
39 43 28 4 13 10 42 21 21 24 
26 20 2 45 32 31 32 3 18 31 
36 0 28 9 35 33 30 38 13 7 
16 14 12 34 27 16 36 34 32 7 
22 19 20 48 3 40 5 49 37 47 
15 32 40 10 25 1 28 37 22 29 
10
10 46 33 46 46 41 6 5 23 4 
12 2 17 33 46 21 25 18 9 41 
16 9 21 30 4 22 9 48 43 45 
44 43 50 20 29 48 31 29 1 31 
34 22 21 44 40 19 28 3 29 13 
48 44 40 9 38 35 16 36 13 31 
41 18 48 45 16 9 42 2 24 44 
15 2 43 45 26 50 34 3 15 9 
0 43 13 4 29 26 49 46 5 33 
28 15 15 18 4 13 34 28 41 5 
10
44 36 19 32 17 21 12 13 48 43 
7 15 46 17 16 12 1 1 28 31 
2 3 39 36 38 44 38 0 34 2 
2 33 23 29 47 7 8 6 26 21 
14 28 15 10 31 22 50 45 3 2 
9 16 34 38 11 13 26 35 21 45 
48 1 43 28 45 49 33 46 19 19 
19 26 18 40 8 37 4 0 50 19 
9 39 41 41 47 18 37 22 0 23 
47 37 39 1 28 8 28 28 42 42 
10
20 21 18 26 48 42 41 32 50 38 
2 8 29 21 3 38 5 44 4 1 
35 22 25 8 15 3 15 33 26 45 
44 9 2 19 33 40 6 35 6 26 
38 26 39 1 50 14 45 27 20 19 
4 25 28 47 41 49 20 49 22 24 
5 30 8 44 25 25 0 2 36 37 
14 50 20 6 31 45 44 21 25 16 
4 24 42 20 25 13 4 46 32 40 
2 29 44 41 11 44 14 41 33 19 
10
32 9 33 26 17 42 40 23 9 3 
16 47 9 24 15 26 14 45 50 16 
19 4 44 50 24 41 34 5 21 4 
12 13 35 12 39 13 24 49 43 3 
1 16 47 40 15 8 19 35 26 44 
24 24 43 48 16 43 21 28 18 23 
15 21 28 9 41 43 23 42 48 33 
9 11 34 45 8 24 2 23 16 50 
26 44 0 7 29 49 35 41 19 46 
33 21 27 21 32 29 32 21 50 13 
10
33 5 45 34 38 5 47 38 20 16 
48 13 8 13 19 41 28 35 50 2 
34 17 47 13 33 36 46 19 16 21 
13 38 50 20 49 20 34 30 39 37 
40 44 11 19 32 11 29 39 19 39 
26 19 3 0 10 31 25 11 22 21 
13 12 30 29 32 33 24 35 39 29 
10 23 37 40 19 30 35 2 33 5 
29 24 49 49 28 24 21 2 28 14 
17 33 38 38 11 48 14 20 50 47 
10
19 29 40 29 49 4 21 4 45 17 
20 38 22 40 7 22 48 15 22 39 
49 25 41 48 12 41 32 25 47 1 
26 2 41 20 17 3 22 23 20 41 
36 25 10 39 37 6 43 10 33 1 
8 41 1 10 34 2 27 49 16 5 
13 23 7 29 21 17 14 42 23 37 
0 19 28 7 21 29 1 15 8 48 
13 22 22 13 9 35 19 30 29 27 
16 31 3 8 21 47 11 35 16 2 
10
30 33 44 36 46 19 17 49 7 15 
17 21 5 3 20 4 17 50 19 4 
8 23 6 8 37 28 29 6 22 12 
6 30 2 37 14 37 6 10 40 43 
50 20 13 37 27 2 32 45 39 40 
44 30 27 38 2 18 26 36 15 1 
32 12 25 43 11 21 2 44 6 34 
34 35 18 21 4 13 3 50 30 16 
25 4 5 29 16 22 39 49 6 28 
39 21 39 44 10 22 8 14 5 6 
10
18 24 39 6 32 7 19 15 14 18 
19 9 13 13 27 48 6 49 28 27 
13 3 46 36 49 20 42 1 31 20 
32 9 4 25 32 2 46 27 21 35 
42 31 20 31 27 14 3 34 7 6 
39 6 43 17 23 30 37 3 1 39 
35 31 33 42 4 10 19 42 18 37 
39 25 16 4 29 32 49 34 37 43 
43 17 30 24 10 37 12 6 18 31 
7 5 0 49 15 41 17 23 45 20 
10
29 5 16 34 43 43 25 4 40 28 
15 2 8 4 38 43 14 9 48 19 
20 18 49 33 11 45 46 4 27 24 
36 10 15 5 46 44 40 5 35 6 
19 29 28 45 8 21 8 35 5 13 
5 15 49 41 33 18 9 11 43 16 
4 21 31 43 21 11 14 19 5 31 
40 13 30 10 50 39 10 37 11 3 
23 22 35 47 28 28 28 14 40 27 
21 35 16 45 17 32 2 49 7 46 
10
16 1 21 42 17 7 14 32 28 17 
22 24 37 9 44 29 39 48 11 15 
12 8 30 30 43 2 8 19 11 5 
30 41 26 40 21 43 37 33 11 43 
29 47 7 30 29 48 29 3 5 20 
44 23 25 10 26 50 0 12 1 35 
39 28 29 15 39 13 0 48 30 10 
10 26 41 26 50 49 26 15 22 13 
13 11 34 48 21 37 46 28 20 12 
17 45 0 49 26 4 50 11 31 8 
10
19 33 21 47 0 32 29 31 31 12 
24 41 22 21 11 0 6 19 46 37 
19 50 31 23 9 7 39 14 39 9 
38 46 19 36 6 32 2 47 27 41 
3 3 3 36 44 10 6 28 19 25 
19 41 19 13 17 8 6 42 38 44 
48 40 18 22 33 35 38 45 32 17 
1 36 1 24 10 49 32 37 42 44 
32 27 16 28 9 10 49 19 48 24 
40 3 9 41 32 27 19 23 7 3 
10
22 2 2 6 20 4 25 48 15 17 
6 19 44 15 13 10 28 18 24 38 
19 16 19 50 31 36 32 2 34 24 
5 20 50 17 22 12 5 8 22 2 
46 23 7 5 37 15 22 48 13 48 
21 25 15 29 35 24 38 25 36 31 
39 24 17 36 2 30 41 47 37 50 
16 25 31 32 19 27 21 26 38 43 
1 2 41 45 1 14 25 39 24 22 
11 41 40 5 12 3 32 39 45 39 
10
37 14 34 8 14 42 9 11 34 44 
25 20 33 37 33 24 47 38 23 47 
16 40 28 4 10 35 22 4 44 46 
26 46 23 15 5 44 15 37 28 0 
23 50 11 44 29 28 23 33 45 35 
30 36 48 47 35 26 32 11 48 36 
30 14 38 19 19 1 22 17 27 36 
7 25 13 18 39 50 9 49 41 46 
47 37 48 16 0 28 41 0 27 32 
50 48 2 28 28 2 10 48 7 35 
10
47 42 47 21 26 34 22 25 48 23 
7 39 10 37 39 35 40 11 35 26 
49 46 22 48 50 11 22 6 32 6 
17 9 29 21 37 22 17 16 9 31 
30 50 7 45 47 32 0 25 38 42 
38 27 26 43 26 46 12 10 43 20 
20 35 24 29 46 8 43 24 24 46 
37 4 32 10 5 39 7 11 46 14 
4 2 13 22 33 10 6 1 35 26 
30 15 41 49 40 22 29 50 17 31 
10
16 14 17 49 38 5 22 18 48 21 
45 10 40 33 11 24 47 37 22 12 
2 41 49 40 43 34 25 4 11 34 
0 31 47 13 10 9 35 18 16 12 
21 30 25 29 37 45 13 19 25 43 
16 16 7 41 37 19 31 15 39 46 
40 44 29 4 31 15 29 43 18 40 
21 0 35 46 13 22 20 31 5 33 
50 9 28 23 2 13 26 28 18 44 
36 38 21 19 8 24 40 43 32 15 
10
50 50 29 28 45 3 33 32 22 3 
26 13 6 26 45 30 41 14 29 12 
5 50 10 40 3 45 19 27 20 4 
11 8 9 16 42 34 38 7 36 48 
6 20 21 29 9 29 11 25 36 2 
18 31 0 41 40 14 15 40 17 32 
42 7 19 32 44 6 31 11 25 43 
42 12 5 17 3 25 30 12 48 12 
46 41 38 38 35 3 26 50 39 44 
18 2 21 43 3 37 10 34 6 14 
