TIME (seconds)
Matrix                   Ryser                    Laplas                   Glynn                    Godsil-Gotman            A.Barvinok               E.Bax J.Frankin
-------------------------+-------------------------+-------------------------+-------------------------+-------------------------+-------------------------+-------------------------
Matrix 1                 0.0049                   0.0145                   0.0038                   0.0025                   0.0039                   0.0046
Matrix 2                 0.0056                   0.1782                   0.0039                   0.0025                   0.0039                   0.0060
Matrix 3                 0.0050                   0.0079                   0.0037                   0.0023                   0.0039                   0.0022
Matrix 4                 0.0054                   0.2178                   0.0039                   0.0026                   0.0039                   0.0055
Matrix 5                 0.0052                   0.1689                   0.0039                   0.0025                   0.0039                   0.0048
Matrix 6                 0.0049                   0.0160                   0.0036                   0.0024                   0.0039                   0.0037
Matrix 7                 0.0052                   0.1060                   0.0037                   0.0025                   0.0039                   0.0046
Matrix 8                 0.0050                   0.0432                   0.0037                   0.0024                   0.0039                   0.0033
Matrix 9                 0.0051                   0.1282                   0.0039                   0.0026                   0.0039                   0.0053
Matrix 10                0.0055                   0.0944                   0.0037                   0.0026                   0.0039                   0.0047
Matrix 11                0.0052                   0.0119                   0.0037                   0.0023                   0.0039                   0.0016
Matrix 12                0.0054                   0.0468                   0.0038                   0.0024                   0.0039                   0.0069
Matrix 13                0.0053                   0.2411                   0.0040                   0.0025                   0.0039                   0.0069
Matrix 14                0.0051                   0.0472                   0.0038                   0.0025                   0.0039                   0.0049
Matrix 15                0.0052                   0.1853                   0.0038                   0.0026                   0.0039                   0.0058
Matrix 16                0.0053                   0.0167                   0.0037                   0.0024                   0.0039                   0.0017
Matrix 17                0.0053                   0.1271                   0.0039                   0.0027                   0.0039                   0.0053
Matrix 18                0.0051                   0.0424                   0.0038                   0.0025                   0.0039                   0.0038
Matrix 19                0.0051                   0.0715                   0.0038                   0.0025                   0.0039                   0.0046
Matrix 20                0.0048                   0.0054                   0.0036                   0.0024                   0.0039                   0.0032
-------------------------+-------------------------+-------------------------+-------------------------+-------------------------+-------------------------+-------------------------
AVERAGE                  0.0052                   0.0885                   0.0038                   0.0025                   0.0039                   0.0045

PERMANENT VALUES
Matrix                   Ryser                    Laplas                   Glynn                    Godsil-Gotman            A.Barvinok               E.Bax J.Frankin
-------------------------+-------------------------+-------------------------+-------------------------+-------------------------+-------------------------+-------------------------
Matrix 1                 506                      506                      506                      483                      262                      506
Matrix 2                 6656                     6656                     6656                     7270                     3649                     6656
Matrix 3                 372                      372                      372                      203                      254                      372
Matrix 4                 8284                     8284                     8284                     10836                    3735                     8284
Matrix 5                 5680                     5680                     5680                     4314                     2551                     5680
Matrix 6                 251                      251                      251                      173                      156                      251
Matrix 7                 2934                     2934                     2934                     1861                     1063                     2934
Matrix 8                 1762                     1762                     1762                     3026                     812                      1762
Matrix 9                 8349                     8349                     8349                     7432                     5250                     8349
Matrix 10                3246                     3246                     3246                     3017                     775                      3246
Matrix 11                223                      223                      223                      215                      116                      223
Matrix 12                2938                     2938                     2938                     2973                     15653                    2938
Matrix 13                10230                    10230                    10230                    17576                    9213                     10230
Matrix 14                3038                     3038                     3038                     2900                     4753                     3038
Matrix 15                4304                     4304                     4304                     4668                     753                      4304
Matrix 16                185                      185                      185                      183                      138                      185
Matrix 17                7951                     7951                     7951                     6939                     6404                     7951
Matrix 18                2856                     2856                     2856                     3754                     2100                     2856
Matrix 19                4875                     4875                     4875                     5529                     8979                     4875
Matrix 20                144                      144                      144                      202                      312                      144

N = 15

TIME (seconds)
Matrix                   Ryser                    Glynn                    Godsil-Gotman            A.Barvinok               E.Bax J.Frankin
-------------------------+-------------------------+-------------------------+-------------------------+-------------------------+-------------------------
Matrix 1                 0.2932                   0.2486                   0.0121                   0.0175                   0.1675
Matrix 2                 0.2895                   0.2389                   0.0119                   0.0174                   0.1381
Matrix 3                 0.2911                   0.2425                   0.0116                   0.0175                   0.1279
Matrix 4                 0.2882                   0.2404                   0.0119                   0.0179                   0.1066
Matrix 5                 0.2866                   0.2373                   0.0118                   0.0174                   0.0722
Matrix 6                 0.2930                   0.2485                   0.0121                   0.0175                   0.1460
Matrix 7                 0.2864                   0.2361                   0.0117                   0.0175                   0.1196
Matrix 8                 0.2881                   0.2360                   0.0119                   0.0175                   0.1453
Matrix 9                 0.2853                   0.2360                   0.0117                   0.0175                   0.1177
Matrix 10                0.2936                   0.2456                   0.0115                   0.0175                   0.1248
Matrix 11                0.2895                   0.2408                   0.0111                   0.0174                   0.0771
Matrix 12                0.3039                   0.2572                   0.0121                   0.0174                   0.2279
Matrix 13                0.2866                   0.2395                   0.0118                   0.0175                   0.1069
Matrix 14                0.2829                   0.2330                   0.0114                   0.0180                   0.0717
Matrix 15                0.2946                   0.2494                   0.0118                   0.0174                   0.1813
Matrix 16                0.2801                   0.2315                   0.0114                   0.0175                   0.0592
Matrix 17                0.2965                   0.2463                   0.0121                   0.0174                   0.2160
Matrix 18                0.2940                   0.2503                   0.0115                   0.0175                   0.2975
Matrix 19                0.2943                   0.2504                   0.0113                   0.0174                   0.1690
Matrix 20                0.2891                   0.2380                   0.0114                   0.0175                   0.1052
-------------------------+-------------------------+-------------------------+-------------------------+-------------------------+-------------------------
AVERAGE                  0.2903                   0.2423                   0.0117                   0.0175                   0.1389

PERMANENT VALUES
Matrix                   Ryser                    Glynn                    Godsil-Gotman            A.Barvinok               E.Bax J.Frankin
-------------------------+-------------------------+-------------------------+-------------------------+-------------------------+-------------------------
Matrix 1                 40946384                 40946384                 737867766210842172       20367546                 40946384
Matrix 2                 14806517                 14806517                 1557725494816602351      12066631                 14806517
Matrix 3                 18886052                 18886052                 2213609992469917611      11662962                 18886052
Matrix 4                 11123620                 11123620                 40992767017941980531     44939225                 11123620
Matrix 5                 5164456                  5164456                  97234837483234284503     2913534                  5164456
Matrix 6                 30573634                 30573634                 332205342001620727960    25062773                 30573634
Matrix 7                 6632791                  6632791                  8936422705561757458      1485141                  6632791
Matrix 8                 7713848                  7713848                  983827091092205505       31890799                 7713848
Matrix 9                 7262358                  7262358                  5698316                  9176699                  7262358
Matrix 10                30198350                 30198350                 52552715427419602456     95066861                 30198350
Matrix 11                6536976                  6536976                  49519259502610410642     2334881                  6536976
Matrix 12                294861194                294861194                1175426498911196998632   155281531                294861194
Matrix 13                3270689                  3270689                  3115449431434314698      2690747                  3270689
Matrix 14                2531851                  2531851                  409927548235834719       2128455                  2531851
Matrix 15                45595065                 45595065                 4427218676986102072      34314887                 45595065
Matrix 16                1240996                  1240996                  81985427130864539        11211287                 1240996
Matrix 17                94428934                 94428934                 136013998402740918386    43238532                 94428934
Matrix 18                35778364                 35778364                 8444509232242661290      32424843                 35778364
Matrix 19                49586230                 49586230                 39353045857031746460     17826913                 49586230
Matrix 20                10425215                 10425215                 409928026531246895       10366662                 1042521

N = 20

TIME (seconds)
Matrix                   Ryser                    Glynn                    E.Bax J.Frankin          A.Barvinok
-------------------------+-------------------------+-------------------------+-------------------------+-------------------------
Matrix 1                 14.7436                  13.1031                  3.8846                   0.0542
Matrix 2                 14.7209                  13.0583                  5.5778                   0.0543
Matrix 3                 14.8044                  13.1336                  5.0101                   0.0544
Matrix 4                 14.9809                  13.3957                  7.4490                   0.0543
Matrix 5                 14.5780                  12.8794                  3.4350                   0.0543
Matrix 6                 14.7082                  13.0897                  4.8105                   0.0542
Matrix 7                 15.0991                  13.4884                  6.0427                   0.0541
Matrix 8                 15.0038                  13.4994                  6.6055                   0.0553
Matrix 9                 14.8115                  12.9924                  6.1865                   0.0541
Matrix 10                14.6950                  12.9943                  4.5955                   0.0541
Matrix 11                15.0310                  13.3759                  5.6677                   0.0542
Matrix 12                15.0188                  13.4320                  6.4330                   0.0548
Matrix 13                14.9515                  13.3582                  5.6279                   0.0541
Matrix 14                15.1186                  13.5916                  6.5112                   0.0544
Matrix 15                14.7359                  12.8984                  4.8372                   0.0546
Matrix 16                14.8854                  13.1587                  6.0478                   0.0545
Matrix 17                15.0170                  13.3363                  4.8367                   0.0542
Matrix 18                14.7774                  13.1030                  5.7836                   0.0546
Matrix 19                14.9576                  13.2170                  5.6907                   0.0543
Matrix 20                15.0894                  13.4608                  5.8978                   0.0542
-------------------------+-------------------------+-------------------------+-------------------------+-------------------------
AVERAGE                  14.8864                  13.2283                  5.5465                   0.0544

PERMANENT VALUES
Matrix                   Ryser                    Glynn                    E.Bax J.Frankin          A.Barvinok
-------------------------+-------------------------+-------------------------+-------------------------+-------------------------
Matrix 1                 457248239850             457248239850             457248239850             572439821285
Matrix 2                 1052632985364            1052632985364            1052632985364            1080801858660
Matrix 3                 1310930470609            1310930470609            1310930470609            668759611396
Matrix 4                 2929423002347            2929423002347            2929423002347            4310955214096
Matrix 5                 188295156942             188295156942             188295156942             50524921072
Matrix 6                 793840432818             793840432818             793840432818             674943917358
Matrix 7                 2940248097966            2940248097966            2940248097966            2183707519892
Matrix 8                 2784041373112            2784041373112            2784041373112            1711681903004
Matrix 9                 667997140840             667997140840             667997140840             534839949634
Matrix 10                654454490663             654454490663             654454490663             140129274155
Matrix 11                4290266172674            4290266172674            4290266172674            2669806836091
Matrix 12                3334789693202            3334789693202            3334789693202            5125202920457
Matrix 13                1720881088180            1720881088180            1720881088180            4737555672494
Matrix 14                5339702905306            5339702905306            5339702905306            5035057151759
Matrix 15                431296767332             431296767332             431296767332             169041382115
Matrix 16                920342391111             920342391111             920342391111             648857005237
Matrix 17                2840086190330            2840086190330            2840086190330            2977696937983
Matrix 18                1074280309511            1074280309511            1074280309511            803343336053
Matrix 19                2935469080753            2935469080753            2935469080753            3183932192390
Matrix 20                4770261524346            4770261524346            4770261524346            1506887484159