10
0.479 0.419 5.890 0.370 9.153 8.302 0.789 0.328 0.584 0.628 
0.628 0.479 0.419 5.890 0.370 9.153 8.302 0.789 0.328 0.584 
0.584 0.628 0.479 0.419 5.890 0.370 9.153 8.302 0.789 0.328 
0.328 0.584 0.628 0.479 0.419 5.890 0.370 9.153 8.302 0.789 
0.789 0.328 0.584 0.628 0.479 0.419 5.890 0.370 9.153 8.302 
8.302 0.789 0.328 0.584 0.628 0.479 0.419 5.890 0.370 9.153 
9.153 8.302 0.789 0.328 0.584 0.628 0.479 0.419 5.890 0.370 
0.370 9.153 8.302 0.789 0.328 0.584 0.628 0.479 0.419 5.890 
5.890 0.370 9.153 8.302 0.789 0.328 0.584 0.628 0.479 0.419 
0.419 5.890 0.370 9.153 8.302 0.789 0.328 0.584 0.628 0.479 
10
1.843 9.440 3.422 9.413 5.256 8.991 0.140 5.436 9.660 6.719 
6.719 1.843 9.440 3.422 9.413 5.256 8.991 0.140 5.436 9.660 
9.660 6.719 1.843 9.440 3.422 9.413 5.256 8.991 0.140 5.436 
5.436 9.660 6.719 1.843 9.440 3.422 9.413 5.256 8.991 0.140 
0.140 5.436 9.660 6.719 1.843 9.440 3.422 9.413 5.256 8.991 
8.991 0.140 5.436 9.660 6.719 1.843 9.440 3.422 9.413 5.256 
5.256 8.991 0.140 5.436 9.660 6.719 1.843 9.440 3.422 9.413 
9.413 5.256 8.991 0.140 5.436 9.660 6.719 1.843 9.440 3.422 
3.422 9.413 5.256 8.991 0.140 5.436 9.660 6.719 1.843 9.440 
9.440 3.422 9.413 5.256 8.991 0.140 5.436 9.660 6.719 1.843 
10
6.148 2.982 2.974 1.681 0.687 3.542 8.664 7.328 1.433 8.025 
8.025 6.148 2.982 2.974 1.681 0.687 3.542 8.664 7.328 1.433 
1.433 8.025 6.148 2.982 2.974 1.681 0.687 3.542 8.664 7.328 
7.328 1.433 8.025 6.148 2.982 2.974 1.681 0.687 3.542 8.664 
8.664 7.328 1.433 8.025 6.148 2.982 2.974 1.681 0.687 3.542 
3.542 8.664 7.328 1.433 8.025 6.148 2.982 2.974 1.681 0.687 
0.687 3.542 8.664 7.328 1.433 8.025 6.148 2.982 2.974 1.681 
1.681 0.687 3.542 8.664 7.328 1.433 8.025 6.148 2.982 2.974 
2.974 1.681 0.687 3.542 8.664 7.328 1.433 8.025 6.148 2.982 
2.982 2.974 1.681 0.687 3.542 8.664 7.328 1.433 8.025 6.148 
10
0.372 8.359 0.727 8.281 6.751 7.089 5.684 9.882 7.268 1.830 
1.830 0.372 8.359 0.727 8.281 6.751 7.089 5.684 9.882 7.268 
7.268 1.830 0.372 8.359 0.727 8.281 6.751 7.089 5.684 9.882 
9.882 7.268 1.830 0.372 8.359 0.727 8.281 6.751 7.089 5.684 
5.684 9.882 7.268 1.830 0.372 8.359 0.727 8.281 6.751 7.089 
7.089 5.684 9.882 7.268 1.830 0.372 8.359 0.727 8.281 6.751 
6.751 7.089 5.684 9.882 7.268 1.830 0.372 8.359 0.727 8.281 
8.281 6.751 7.089 5.684 9.882 7.268 1.830 0.372 8.359 0.727 
0.727 8.281 6.751 7.089 5.684 9.882 7.268 1.830 0.372 8.359 
8.359 0.727 8.281 6.751 7.089 5.684 9.882 7.268 1.830 0.372 
10
9.791 5.400 2.485 2.519 4.422 9.719 0.885 0.582 1.605 3.134 
3.134 9.791 5.400 2.485 2.519 4.422 9.719 0.885 0.582 1.605 
1.605 3.134 9.791 5.400 2.485 2.519 4.422 9.719 0.885 0.582 
0.582 1.605 3.134 9.791 5.400 2.485 2.519 4.422 9.719 0.885 
0.885 0.582 1.605 3.134 9.791 5.400 2.485 2.519 4.422 9.719 
9.719 0.885 0.582 1.605 3.134 9.791 5.400 2.485 2.519 4.422 
4.422 9.719 0.885 0.582 1.605 3.134 9.791 5.400 2.485 2.519 
2.519 4.422 9.719 0.885 0.582 1.605 3.134 9.791 5.400 2.485 
2.485 2.519 4.422 9.719 0.885 0.582 1.605 3.134 9.791 5.400 
5.400 2.485 2.519 4.422 9.719 0.885 0.582 1.605 3.134 9.791 
