7
3.960 0.789 4.319 0.050 0.656 4.771 8.547 
2.419 8.744 0.218 8.750 6.020 5.872 2.019 
6.136 1.428 6.775 4.823 7.693 3.483 8.906 
2.661 4.547 8.943 4.599 3.579 3.957 9.910 
4.236 3.007 9.291 7.992 7.985 7.278 1.420 
9.671 8.082 4.387 6.521 3.031 2.059 7.947 
1.696 6.734 1.644 1.785 3.984 1.627 2.157 
7
3.973 3.824 9.109 9.651 1.353 7.899 6.230 
7.702 4.602 2.736 0.850 3.458 8.123 8.603 
0.081 2.326 7.437 4.168 5.094 6.605 8.225 
2.850 2.209 5.997 4.816 8.646 2.240 5.098 
9.016 6.177 5.563 5.230 8.968 1.226 2.559 
7.768 4.891 0.315 3.283 0.655 8.771 3.756 
8.125 9.737 7.149 9.629 0.531 7.091 7.289 
7
1.040 2.268 1.685 3.294 1.142 8.850 1.323 
1.347 5.432 3.484 8.499 6.672 2.663 0.858 
9.443 9.770 8.938 6.514 8.726 5.891 6.081 
3.953 5.897 7.521 4.688 7.691 9.450 0.949 
8.066 4.431 1.309 7.846 5.980 0.440 1.011 
2.740 0.673 5.263 6.398 2.874 7.235 5.154 
8.737 2.369 3.118 8.238 4.384 2.636 1.152 
7
8.915 3.214 9.720 5.497 4.072 0.922 1.486 
8.429 7.010 6.733 8.332 3.712 2.126 1.346 
9.567 4.308 3.458 3.278 2.695 0.926 5.913 
3.243 6.852 0.850 8.614 9.657 4.692 7.854 
9.464 1.183 9.784 4.756 9.927 3.374 2.580 
8.381 2.359 7.114 9.366 4.916 8.647 9.931 
9.953 5.359 9.400 4.789 4.925 2.711 4.191 
7
4.517 6.581 4.065 9.301 2.881 9.981 0.951 
8.393 5.930 5.509 9.689 3.209 2.984 8.692 
5.113 8.006 7.537 0.585 9.253 4.926 6.735 
2.326 4.845 0.689 5.458 8.905 9.004 7.126 
2.304 8.616 1.608 3.991 9.191 4.119 9.695 
5.757 8.994 7.363 6.833 1.033 2.432 6.956 
2.582 3.258 8.193 2.891 7.541 9.408 9.247 
